Arg
B1 3358 1060 750 8600 744 462
B2 2555 1140 750 11600 744 476
B3 3358 1060 750 8600 744 455
B5_1 2555 1140 600 11600 744 455
B6 3358 1140 750 6800 680 476
B8 2263 1060 810 6800 744 462
B9 2409 1060 750 6800 768 455
B11 2555 100 600 11600 744 476
B13 2555 1140 600 11600 744 455
B14 3358 1100 600 11600 744 476
B15 2555 1140 600 11600 744 476
B18 3358 1100 810 8600 752 497

Arg B
B4 3358 1100 810 8600 744 455
B7 3358 1100 600 11600 744 455
B10 2263 1100 810 8600 768 462
B12 3358 1100 810 8600 768 455
