List of dinoes for breeding in ARK

Achatina
RaX150W224_1 570 370 1800 936 448

Allo
CeF224_1 4032 950 675 12069 592 433

Anky
Anky_1f1 NaN NaN 780 NaN NaN NaN
F140W209 4340 577 540 14142 460 419
M140W209 5180 NaN NaN NaN NaN 377
CeF224_1 5880 612 780 14489 365 399
CeF216_1 5320 525 540 17577 405 426
CeM217_1 4620 717 660 14489 410 371

Are
CeM223_1 960 390 780 3960 176 333
CeM215_1 1140 330 720 3330 166 382

Arg
CeF224_1 2555 1140 600 11600 680 475
CeF224_2 2263 1060 810 8600 768 461
CeM217_1 3358 1040 675 8600 656 475
CeM224_1 3139 940 750 7600 752 497
RaMArgentavis 2555 1200 795 8800 672 394
CeM224_2 3358 1100 750 6800 744 454
B16 2263 1100 810 11600 768 462
B17 3358 940 810 8600 768 497

Art
CeM224_1 5000 880 Null 4800 152 426
CeM224_2 3800 900 Null 5280 148 384
CeM217_1 3300 880 Null 3840 174 370
CeF217_1 3100 840 Null 4560 158 377
CeF219_B1 3100 880 Null 3840 174 378
CeM216_B2 3300 880 Null 4560 158 378

Bary
CeM224_1 3080 1430 Null 7650 500 440
CeM217_1 3432 1267 Null 8550 526 426
RaM217_1 2728 1040 Null 10575 474 475

Basil
CeF224_1 16800 960 Null 42317 1050 454
CeF217_1 15840 1140 Null 34037 1106 454
CeM217_1 16320 1380 Null 36797 1106 412
RaF224_1 13920 1170 Null 39542 1330 412
RaM224_1 15840 1290 Null 42301 1022 454
RaM224_2 13440 1440 Null 43240 1260 391
RaM217_1 17280 1380 Null 34944 1148 412
RaM209_1 16320 1140 Null 32186 1120 426
B1 13920 1170 Null 43240 1330 413
B2_1 13920 1170 Null 39560 1330 413
B2_2 13920 1170 Null 39560 1330 413
B3 13920 1440 Null 43240 1330 392

Bronto
Dumptruck_(CeF224_1) 12296 960 645 38000 2720 469

Carbon
CeF224_1 4158 1020 Null 13800 453 336
CeF217_1 3780 800  Null 10200 491 399

Cast
Castoroides 2880 882 3750 6400 474 309
CeM216_1 2160 648 3075 8800 462 375

Dilo
CeF224_1 910 460 600 1861 77 440

Dimorf
CeF209_1 925 645 585 3690 74 426
CeM224_1 850 525 705 3600 97 356

Diplo
CeF224_1 13940 2365 1830 37000 1312 175

Direw
F150W224 3234 1066 570 5375 285 323
CeM224_1 2178 1144 690 6482 268 370

Daeod
RaM224_1 6120 1050 600 11206 656 411

Dodo
CeF224_1 216 460 585 1811 94 462
CeF217_1 432 290 660 2070 77 462
CeM224_1 312 460 765 1500 90 322

Doed
CeM224_1 6426 1140 540 16197 390 481
CeF224_1 5355 1110 615 13095 425 439
CeF216_1 5814 1140 645 13096 410 412
F150W224 2907 1260 840 14142 460 447
M150W224 4590 810 750 14832 410 510
F1FfffMF225 4590 810 750 14835 460 511

Gigantop
RaM224_1 3008 1230 510 5250 365 354

Hyae
M150W219 1400 936 690 5606 295 351
CeM214_1 1190 1118 780 5214 302 287
CeF222_1 1260 1092 495 6728 285 347

Ichty
CeM224_1 783 1680 Null 5059 395 427
CeM224_2 687 2400 Null 4484 410 420
CeM224_3 715 1980 Null 4254 425 455
CeM217_1 770 2280 Null 4944 390 322
CeM217_2 797 1740 Null 3909 430 427
RaM194_1 701 1560 Null 4254 400 399
RaF224_1 770 2340 Null 5059 380 468
RaF224_2 673 2100 Null 5289 405 454

Lyst
CeF224_1 576 340 838 3047 154 378
CeF217_1 738 460 559 2414 140 392
CeM224_1 648 370 1032 2472 144 406
RaM224_1 486 320 924 2702 156 427
RaM224_2 558 390 817 2702 142 497
RaM224_3 720 490 838 1839 183 371
RaF224_1 684 430 881 2472 147 364

Mammoth
F150W224 6120 1056 645 19500 930 426

Megalodon
CeF224_1 5040 1472 NaN 8965 395 328

Megaloceros
CeM224_1 2400 840 690 4800 343 490
CeF224_1 2340 1288 630 4920 316 434
CeF223_B1 2400 1288 630 4920 316 434

Megalo
CeF224_1 7175 1140 630 9888 546 398
CeM224_1 6765 1350 690 9428 492 391
RaF224_1 7175 1230 585 11264 504 419

Megather
M145W216 NaN 1760 1296 12900 1102 433
Megatherium 6068 1320 1296 13200 1116 377
Bærnt 6364 1320 1296 12900 1102 378
RaM224_1 6364 1600 891 12900 1261 405
RaM224_2 4144 1800 1134 13800 1203 377
RaF224_1 6364 1680 1107 12900 1218 384
RaF224_2 6512 1520 1026 11400 1232 433
RaF217_1 4736 1880 1107 11400 1203 349
RaM217_1 6216 1440 1161 11400 1131 426

Mos
CeM224_1 2850 1140 585 1414 308 476
CeM224_2 2550 1260 510 1414 360 490

Onyc
CeM224_1 2000 440 735 5550 82 328
CeM217_1 1400 510 720 5850 76 391
CeM217_2 1250 550 645 5700 79 398

Ovis
RaM150W224_1 820 410 540 5934 140 511
RaM145W217_1 940 380 660 5106 151 413

Para
F180W258 1360 1980 675 7200 796 458

ParaT
RaF180W269 2000 2430 660 6900 883 427
RaM180W269_1 1520 1980 705 9150 816 461

Pego
CeM217_1 1600 390 555 2380 81 427
CeM225_1 1000 500 750 2070 82 462
CeF225_1 928 430 525 1914 92 476

Pel
F150W224 2400 423 675 7029 258 457

P_Horse
CeM224_1 7387 1200 630 27300 1343 420
CeM224_2 5745 1680 525 34450 1292 392

Phiomia
CeF224_1 1980 1170 480 11729 368 462

Pter
F145W216_1 1587 450 690 5790 201 436
F145W216_2 1550 405 780 6479 228 331
F145W216_3 1323 427 615 7030 216 436
M145W216 1474 397 750 7030 206 401
M150W224_1 1701 457 615 6753 204 443
M150W224_2 1512 375 735 7029 194 513
F1_--|-|- 1550 405 780 6762 228 444
Pteranodon NaN 382 690 NaN 201 457
CePteranodon 1587 450 750 6347 192 416
CeM224_1 1436 420 705 5241 225 499
CeM217_1 1247 405 750 6896 220 409
CeF224_1 1587 382 690 6758 213 471

Pul
CeM224_1 2460 820 540 7200 304 391
CeM224_2 2416 760 675 5550 356 370
CeF224_1 2104 920 630 5250 320 475
CeF224_2 2404 920 600 6750 324 342
CeF217_1 2232 880 615 4500 320 405

Raptor
CeM224_1 1040 570 720 5880 246 412
CeM224_2 1560 675 585 5520 215 405

RaptorT
M180W269 1800 720 795 6000 252 411

Saber
CeM224_1 1900 700 765 5792 332 397

Stego
CeF224_1 3640 1140 840 25800 710 363

StegoT
CeM242_1 5460 1530 585 28800 820 378

Terror
F150W224 2160 (656) (630) (6750) (189) (404)

Theriz
RaM224_1 6960 1230 585 12900 642 350
RaF224_1 7175 1230 585 11400 420 400?

Thyla
F150W224 3920 1640 1200 7925 568 397

Trike
CeM224_1 3225 450 630 12000 598 399

Raptor
CeM224_1 1043 570 720 5880 246 412

Rex
F150W224 6820 1638 645 15300 790 391
M145W216 7920 1722 705 13200 760 370
Funknown 6600 2100 630 12000 780 360
CeM224_1 8360 1806 630 12600 870 391
RaM224_1 7700 1848 660 11400 770 391

RexT
Tek_Rex 8140 2352 840 14400 790 460
M120W179 7480 1428 390 11100 790 321
CeF242_1 7920 2058 750 12900 770 447
RaF242_1 9020 2184 705 10800 850 398

Yuty
RaF217_1 7920 2058 585 11700 820 384